002110
002699
600580
000631
600565
603002
600545
300230
600079
600022
000797
000040
002384
600515
600173
000791
000564
600380
000513
002016
600787
002039
300097
600803
000039
300532
300274
002359
600525
600519
000813
002067
002645
000612
002515
600569
002377
600567
603737
000818
600720
000620
603986
002166
601001
600657
002088
600708
601919
002460
300269
600449
601012
600516
000591
002680
002335
600638
000603
600859
000548
000932
002092
000338
002127
000780
002128
601088
002008
600693
300122
600641
000877
000798
600665
000885
300014
300486
002087
600395
000723
300179
600348
002517
000898
600231
300511
603339
601020
600971
601101
600633
002496
300102
002027
603993
000717
000983
601100
000725
600507
601225
601006
603808
603167
002061
002145
600466
300206
002648
000050
002601
600031
600338
300307
000552
600133
600326
000525
600270
600393
601222
600703
600160
000672
002354
000090
600508
600293
000830
000959
002233
600188
600711
000886
000703
000937
601666
600381
300323
600123
600681
002433
300349
600282
000038
600328
601699
601678
600808
000971
002109
601898
600230
002136
600782
600090
002366
601233
000825
002322
300401
002562
002139
300298
000036
600309
002002
300194
002044
002044
300136
300176
002273
002449
600566
601003
600239
600308
601628
300088
603599
300487